b.1
	Times: (in ms)
	165314,164222,166056,165390,164352,167062,164634,163368,165820,166889,168188,161092,168577,162529,166630,165920,171692,168426,163984,167365,164780,172306,164390,166507,165582,168134,166306,169132,165604,170175,167068,162406,163428,170218,163096,168417,163912,172142,166614,166554,167604,161964,161581,168609,166174,166856,166592,165817,164386,173468,170308,165809,166521,166358,166791,164410,164660,164513,165689,167758,166642,168366,164848,170552,171010,167952,170470,163648,168070,169823,164128,159908,166282,158964,171548,163572,170724,166720,169302,163478,169230,169897,161990,168978,168318,171510,165845,165571,163133,167627,167412,161582,164950,166042,165280,165673,163812,166472,164726,167332

Stats:
		Standard Deviation: 2820ms
		Average: 166415ms
		Min: 158964ms
		Max: 173468ms


b.2

	It took 594ms as the turnaround time

c.

	I decided to go with a FIFO method

	For the provided sample it took 319ms to complete with a FIFO which is a significant improvement over round robin

	Times for the random 100 trials:

	83981, 85818, 85995, 82543, 86398, 86287, 81274, 82353, 86225, 81776, 84472, 85638, 84921, 83946, 84194, 85739, 85423, 83869, 83111, 83031, 84665, 83370, 83679, 82865, 82054, 83399, 86396, 83305, 84081, 82868, 79945, 80620, 86566, 80590, 84973, 82864, 83917, 86665, 83922, 85188, 83321, 83885, 85888, 83638, 83798, 84496, 83253, 85045, 83447, 86518, 85230, 83976, 85681, 85766, 85587, 86295, 84439, 83174, 84817, 86423, 84205, 84417, 83096, 85231, 83455, 82616, 85414, 84193, 81625, 83476, 84023, 81318, 82748, 83847, 82186, 84578, 84206, 82847, 83686, 81475, 83337, 81491, 84366, 83578, 81205, 85184, 82912, 84633, 84245, 85449, 81835, 82900, 82407, 83550, 84496, 84797, 83164, 84229, 85672, 84440

	Statistics: 
		Average: 83961ms
		Standard Devaition: 1494ms
		Min: 79945ms	
		Max: 86665ms

	
